#Time         x       v       E       Norm    HOP   CSTATE
   0.2000000000    1.2000000232    1.0000002127   -0.0086157610    1.0000000000        0        0
   0.4000000000    1.4000000851    1.0000003865   -0.0089631284    1.0000000375        0        0
   0.6000000000    1.6000001778    1.0000005228   -0.0092350451    0.9999999481        0        0
   0.8000000000    1.8000002942    1.0000006262   -0.0094406837    1.0000000273        0        0
   1.0000000000    2.0000004283    1.0000007028   -0.0095928154    0.9999999676        0        0
   1.2000000000    2.2000005753    1.0000007589   -0.0097040865    1.0000000471        0        0
   1.4000000000    2.4000007319    1.0000007997   -0.0097850769    0.9999999799        0        0
   1.6000000000    2.6000008952    1.0000008294   -0.0098439264    1.0000000176        0        0
   1.8000000000    2.8000010636    1.0000008509   -0.0098866663    1.0000000483        0        0
   2.0000000000    3.0000012356    1.0000008666   -0.0099177027    0.9999999546        0        0
   2.2000000000    3.2000014103    1.0000008780   -0.0099402399    1.0000000408        0        0
   2.4000000000    3.4000015868    1.0000008862   -0.0099566053    1.0000000019        0        0
   2.6000000000    3.6000017647    1.0000008922   -0.0099684890    0.9999999792        0        0
   2.8000000000    3.8000019437    1.0000008966   -0.0099771183    1.0000000187        0        0
   3.0000000000    4.0000021234    1.0000008997   -0.0099833845    1.0000000509        0        0
   3.2000000000    4.2000023036    1.0000009020   -0.0099879347    0.9999999708        0        0
   3.4000000000    4.4000024842    1.0000009037   -0.0099912388    1.0000000202        0        0
   3.6000000000    4.6000026650    1.0000009049   -0.0099936380    0.9999999616        0        0
   3.8000000000    4.8000028461    1.0000009058   -0.0099953803    1.0000000337        0        0
   4.0000000000    5.0000030274    1.0000009064   -0.0099966454    0.9999999981        0        0
   4.2000000000    5.2000032087    1.0000009069   -0.0099975641    0.9999999740        0        0
   4.4000000000    5.4000033901    1.0000009072   -0.0099982311    0.9999999613        0        0
   4.6000000000    5.6000035716    1.0000009075   -0.0099987155    0.9999999601        0        0
   4.8000000000    5.8000037531    1.0000009076   -0.0099990673    0.9999999702        0        0
   5.0000000000    6.0000039346    1.0000009078   -0.0099993227    0.9999999915        0        0
   5.2000000000    6.2000041162    1.0000009079   -0.0099995082    1.0000000241        0        0
   5.4000000000    6.4000042978    1.0000009079   -0.0099996429    0.9999999485        0        0
   5.6000000000    6.6000044794    1.0000009080   -0.0099997407    1.0000000032        0        0
   5.8000000000    6.8000046610    1.0000009080   -0.0099998117    0.9999999497        0        0
   6.0000000000    7.0000048426    1.0000009080   -0.0099998633    1.0000000262        0        0
   6.2000000000    7.2000050242    1.0000009080   -0.0099999007    0.9999999943        0        0
   6.4000000000    7.4000052058    1.0000009081   -0.0099999279    0.9999999730        0        0
   6.6000000000    7.6000053874    1.0000009081   -0.0099999476    0.9999999624        0        0
   6.8000000000    7.8000055690    1.0000009081   -0.0099999620    0.9999999623        0        0
   7.0000000000    8.0000057506    1.0000009081   -0.0099999724    0.9999999727        0        0
   7.2000000000    8.2000059322    1.0000009081   -0.0099999800    0.9999999934        0        0
   7.4000000000    8.4000061139    1.0000009081   -0.0099999854    1.0000000244        0        0
   7.6000000000    8.6000062955    1.0000009081   -0.0099999894    0.9999999464        0        0
   7.8000000000    8.8000064771    1.0000009081   -0.0099999923    0.9999999978        0        0
   8.0000000000    9.0000066587    1.0000009081   -0.0099999944    1.0000000591        0        0
   8.2000000000    9.2000068403    1.0000009081   -0.0099999960    1.0000000112        0        0
   8.4000000000    9.4000070219    1.0000009081   -0.0099999971    0.9999999733        0        0
   8.6000000000    9.6000072036    1.0000009081   -0.0099999979    0.9999999451        0        0
   8.8000000000    9.8000073852    1.0000009081   -0.0099999985    1.0000000458        0        0
   9.0000000000   10.0000075668    1.0000009081   -0.0099999989    1.0000000369        0        0
   9.2000000000   10.2000077484    1.0000009081   -0.0099999992    1.0000000377        0        0
   9.4000000000   10.4000079300    1.0000009081   -0.0099999994    1.0000000479        0        0
   9.6000000000   10.6000081117    1.0000009081   -0.0099999996    0.9999999484        0        0
   9.8000000000   10.8000082933    1.0000009081   -0.0099999997    0.9999999774        0        0
  10.0000000000   11.0000084749    1.0000009081   -0.0099999998    1.0000000156        0        0
  10.2000000000   11.2000086565    1.0000009081   -0.0099999998    0.9999999439        0        0
  10.4000000000   11.4000088381    1.0000009081   -0.0099999999    1.0000000004        0        0
  10.6000000000   11.6000090198    1.0000009081   -0.0099999999    0.9999999468        0        0
  10.8000000000   11.8000092014    1.0000009081   -0.0099999999    1.0000000214        0        0
  11.0000000000   12.0000093830    1.0000009081   -0.0100000000    0.9999999857        0        0
  11.2000000000   12.2000095646    1.0000009081   -0.0100000000    0.9999999588        0        0
  11.4000000000   12.4000097462    1.0000009081   -0.0100000000    0.9999999407        0        0
  11.6000000000   12.6000099279    1.0000009081   -0.0100000000    1.0000000505        0        0
  11.8000000000   12.8000101095    1.0000009081   -0.0100000000    1.0000000497        0        0
  12.0000000000   13.0000102911    1.0000009081   -0.0100000000    1.0000000574        0        0
  12.2000000000   13.2000104727    1.0000009081   -0.0100000000    0.9999999545        0        0
  12.4000000000   13.4000106543    1.0000009081   -0.0100000000    0.9999999791        0        0
  12.6000000000   13.6000108360    1.0000009081   -0.0100000000    1.0000000121        0        0
  12.8000000000   13.8000110176    1.0000009081   -0.0100000000    1.0000000535        0        0
  13.0000000000   14.0000111992    1.0000009081   -0.0100000000    0.9999999838        0        0
  13.2000000000   14.2000113808    1.0000009081   -0.0100000000    1.0000000414        0        0
  13.4000000000   14.4000115624    1.0000009081   -0.0100000000    0.9999999880        0        0
  13.6000000000   14.6000117441    1.0000009081   -0.0100000000    0.9999999426        0        0
  13.8000000000   14.8000119257    1.0000009081   -0.0100000000    1.0000000243        0        0
  14.0000000000   15.0000121073    1.0000009081   -0.0100000000    0.9999999948        0        0
  14.2000000000   15.2000122889    1.0000009081   -0.0100000000    0.9999999730        0        0
  14.4000000000   15.4000124705    1.0000009081   -0.0100000000    0.9999999591        0        0
  14.6000000000   15.6000126522    1.0000009081   -0.0100000000    0.9999999528        0        0
  14.8000000000   15.8000128338    1.0000009081   -0.0100000000    0.9999999542        0        0
  15.0000000000   16.0000130154    1.0000009081   -0.0100000000    0.9999999632        0        0
  15.2000000000   16.2000131970    1.0000009081   -0.0100000000    0.9999999797        0        0
  15.4000000000   16.4000133786    1.0000009081   -0.0100000000    1.0000000037        0        0
  15.6000000000   16.6000135603    1.0000009081   -0.0100000000    1.0000000350        0        0
  15.8000000000   16.8000137419    1.0000009081   -0.0100000000    0.9999999546        0        0
  16.0000000000   17.0000139235    1.0000009081   -0.0100000000    1.0000000006        0        0
  16.2000000000   17.2000141051    1.0000009081   -0.0100000000    1.0000000539        0        0
  16.4000000000   17.4000142867    1.0000009081   -0.0100000000    0.9999999951        0        0
  16.6000000000   17.6000144684    1.0000009081   -0.0100000000    0.9999999434        0        0
  16.8000000000   17.8000146500    1.0000009081   -0.0100000000    1.0000000180        0        0
  17.0000000000   18.0000148316    1.0000009081   -0.0100000000    0.9999999804        0        0
  17.2000000000   18.2000150132    1.0000009081   -0.0100000000    0.9999999498        0        0
  17.4000000000   18.4000151948    1.0000009081   -0.0100000000    1.0000000452        0        0
  17.6000000000   18.6000153765    1.0000009081   -0.0100000000    1.0000000283        0        0
  17.8000000000   18.8000155581    1.0000009081   -0.0100000000    1.0000000182        0        0
  18.0000000000   19.0000157397    1.0000009081   -0.0100000000    1.0000000148        0        0
  18.2000000000   19.2000159213    1.0000009081   -0.0100000000    1.0000000181        0        0
  18.4000000000   19.4000161029    1.0000009081   -0.0100000000    1.0000000279        0        0
  18.6000000000   19.6000162846    1.0000009081   -0.0100000000    1.0000000444        0        0
  18.8000000000   19.8000164662    1.0000009081   -0.0100000000    0.9999999482        0        0
  19.0000000000   20.0000166478    1.0000009081   -0.0100000000    0.9999999776        0        0
  19.2000000000   20.2000168294    1.0000009081   -0.0100000000    1.0000000135        0        0
  19.4000000000   20.4000170110    1.0000009081   -0.0100000000    1.0000000557        0        0
  19.6000000000   20.6000171927    1.0000009081   -0.0100000000    0.9999999851        0        0
  19.8000000000   20.8000173743    1.0000009081   -0.0100000000    1.0000000399        0        0
  20.0000000000   21.0000175559    1.0000009081   -0.0100000000    0.9999999817        0        0
  20.2000000000   21.2000177375    1.0000009081   -0.0100000000    1.0000000488        0        0
  20.4000000000   21.4000179191    1.0000009081   -0.0100000000    1.0000000029        0        0
  20.6000000000   21.6000181008    1.0000009081   -0.0100000000    0.9999999630        0        0
  20.8000000000   21.8000182824    1.0000009081   -0.0100000000    1.0000000484        0        0
  21.0000000000   22.0000184640    1.0000009081   -0.0100000000    1.0000000205        0        0
  21.2000000000   22.2000186456    1.0000009081   -0.0100000000    0.9999999986        0        0
  21.4000000000   22.4000188272    1.0000009081   -0.0100000000    0.9999999825        0        0
  21.6000000000   22.6000190089    1.0000009081   -0.0100000000    0.9999999723        0        0
  21.8000000000   22.8000191905    1.0000009081   -0.0100000000    0.9999999678        0        0
  22.0000000000   23.0000193721    1.0000009081   -0.0100000000    0.9999999690        0        0
  22.2000000000   23.2000195537    1.0000009081   -0.0100000000    0.9999999760        0        0
  22.4000000000   23.4000197353    1.0000009081   -0.0100000000    0.9999999886        0        0
  22.6000000000   23.6000199170    1.0000009081   -0.0100000000    1.0000000068        0        0
  22.8000000000   23.8000200986    1.0000009081   -0.0100000000    1.0000000305        0        0
  23.0000000000   24.0000202802    1.0000009081   -0.0100000000    0.9999999406        0        0
  23.2000000000   24.2000204618    1.0000009081   -0.0100000000    0.9999999753        0        0
  23.4000000000   24.4000206434    1.0000009081   -0.0100000000    1.0000000155        0        0
  23.6000000000   24.6000208251    1.0000009081   -0.0100000000    0.9999999418        0        0
  23.8000000000   24.8000210067    1.0000009081   -0.0100000000    0.9999999926        0        0
  24.0000000000   25.0000211883    1.0000009081   -0.0100000000    1.0000000488        0        0
  24.2000000000   25.2000213699    1.0000009081   -0.0100000000    0.9999999910        0        0
  24.4000000000   25.4000215515    1.0000009081   -0.0100000000    1.0000000576        0        0
  24.6000000000   25.6000217332    1.0000009081   -0.0100000000    1.0000000102        0        0
  24.8000000000   25.8000219148    1.0000009081   -0.0100000000    0.9999999679        0        0
  25.0000000000   26.0000220964    1.0000009081   -0.0100000000    1.0000000499        0        0
  25.2000000000   26.2000222780    1.0000009081   -0.0100000000    1.0000000177        0        0
  25.4000000000   26.4000224596    1.0000009081   -0.0100000000    0.9999999906        0        0
  25.6000000000   26.6000226412    1.0000009081   -0.0100000000    0.9999999684        0        0
  25.8000000000   26.8000228229    1.0000009081   -0.0100000000    0.9999999511        0        0
  26.0000000000   27.0000230045    1.0000009081   -0.0100000000    1.0000000579        0        0
  26.2000000000   27.2000231861    1.0000009081   -0.0100000000    1.0000000504        0        0
  26.4000000000   27.4000233677    1.0000009081   -0.0100000000    1.0000000477        0        0
  26.6000000000   27.6000235493    1.0000009081   -0.0100000000    1.0000000497        0        0
  26.8000000000   27.8000237310    1.0000009081   -0.0100000000    1.0000000565        0        0
  27.0000000000   28.0000239126    1.0000009081   -0.0100000000    0.9999999488        0        0
  27.2000000000   28.2000240942    1.0000009081   -0.0100000000    0.9999999649        0        0
  27.4000000000   28.4000242758    1.0000009081   -0.0100000000    0.9999999857        0        0
  27.6000000000   28.6000244574    1.0000009081   -0.0100000000    1.0000000110        0        0
  27.8000000000   28.8000246391    1.0000009081   -0.0100000000    1.0000000409        0        0
  28.0000000000   29.0000248207    1.0000009081   -0.0100000000    0.9999999561        0        0
  28.2000000000   29.2000250023    1.0000009081   -0.0100000000    0.9999999949        0        0
  28.4000000000   29.4000251839    1.0000009081   -0.0100000000    1.0000000382        0        0
  28.6000000000   29.6000253655    1.0000009081   -0.0100000000    0.9999999667        0        0
  28.8000000000   29.8000255472    1.0000009081   -0.0100000000    1.0000000188        0        0
  29.0000000000   30.0000257288    1.0000009081   -0.0100000000    0.9999999560        0        0
  29.2000000000   30.2000259104    1.0000009081   -0.0100000000    1.0000000167        0        0
  29.4000000000   30.4000260920    1.0000009081   -0.0100000000    0.9999999625        0        0
  29.6000000000   30.6000262736    1.0000009081   -0.0100000000    1.0000000317        0        0
  29.8000000000   30.8000264553    1.0000009081   -0.0100000000    0.9999999859        0        0
  30.0000000000   31.0000266369    1.0000009081   -0.0100000000    0.9999999443        0        0
  30.2000000000   31.2000268185    1.0000009081   -0.0100000000    1.0000000260        0        0
  30.4000000000   31.4000270001    1.0000009081   -0.0100000000    0.9999999926        0        0
  30.6000000000   31.6000271817    1.0000009081   -0.0100000000    0.9999999632        0        0
  30.8000000000   31.8000273634    1.0000009081   -0.0100000000    1.0000000571        0        0
  31.0000000000   32.0000275450    1.0000009081   -0.0100000000    1.0000000358        0        0
  31.2000000000   32.2000277266    1.0000009081   -0.0100000000    1.0000000185        0        0
  31.4000000000   32.4000279082    1.0000009081   -0.0100000000    1.0000000051        0        0
  31.6000000000   32.6000280898    1.0000009081   -0.0100000000    0.9999999956        0        0
  31.8000000000   32.8000282715    1.0000009081   -0.0100000000    0.9999999900        0        0
  32.0000000000   33.0000284531    1.0000009081   -0.0100000000    0.9999999882        0        0
  32.2000000000   33.2000286347    1.0000009081   -0.0100000000    0.9999999902        0        0
  32.4000000000   33.4000288163    1.0000009081   -0.0100000000    0.9999999960        0        0
  32.6000000000   33.6000289979    1.0000009081   -0.0100000000    1.0000000056        0        0
  32.8000000000   33.8000291796    1.0000009081   -0.0100000000    1.0000000189        0        0
  33.0000000000   34.0000293612    1.0000009081   -0.0100000000    1.0000000359        0        0
  33.2000000000   34.2000295428    1.0000009081   -0.0100000000    1.0000000565        0        0
  33.4000000000   34.4000297244    1.0000009081   -0.0100000000    0.9999999616        0        0
  33.6000000000   34.6000299060    1.0000009081   -0.0100000000    0.9999999895        0        0
  33.8000000000   34.8000300877    1.0000009081   -0.0100000000    1.0000000210        0        0
  34.0000000000   35.0000302693    1.0000009081   -0.0100000000    1.0000000560        0        0
  34.2000000000   35.2000304509    1.0000009081   -0.0100000000    0.9999999753        0        0
  34.4000000000   35.4000306325    1.0000009081   -0.0100000000    1.0000000174        0        0
  34.6000000000   35.6000308141    1.0000009081   -0.0100000000    0.9999999437        0        0
  34.8000000000   35.8000309958    1.0000009081   -0.0100000000    0.9999999926        0        0
  35.0000000000   36.0000311774    1.0000009081   -0.0100000000    1.0000000449        0        0
  35.2000000000   36.2000313590    1.0000009081   -0.0100000000    0.9999999814        0        0
  35.4000000000   36.4000315406    1.0000009081   -0.0100000000    1.0000000405        0        0
  35.6000000000   36.6000317222    1.0000009081   -0.0100000000    0.9999999837        0        0
  35.8000000000   36.8000319039    1.0000009081   -0.0100000000    1.0000000494        0        0
  36.0000000000   37.0000320855    1.0000009081   -0.0100000000    0.9999999992        0        0
  36.2000000000   37.2000322671    1.0000009081   -0.0100000000    0.9999999522        0        0
  36.4000000000   37.4000324487    1.0000009081   -0.0100000000    1.0000000277        0        0
  36.6000000000   37.6000326303    1.0000009081   -0.0100000000    0.9999999871        0        0
  36.8000000000   37.8000328120    1.0000009081   -0.0100000000    0.9999999498        0        0
  37.0000000000   38.0000329936    1.0000009081   -0.0100000000    1.0000000347        0        0
  37.2000000000   38.2000331752    1.0000009081   -0.0100000000    1.0000000036        0        0
  37.4000000000   38.4000333568    1.0000009081   -0.0100000000    0.9999999756        0        0
  37.6000000000   38.6000335384    1.0000009081   -0.0100000000    0.9999999507        0        0
  37.8000000000   38.8000337201    1.0000009081   -0.0100000000    1.0000000480        0        0
  38.0000000000   39.0000339017    1.0000009081   -0.0100000000    1.0000000291        0        0
  38.2000000000   39.2000340833    1.0000009081   -0.0100000000    1.0000000132        0        0
  38.4000000000   39.4000342649    1.0000009081   -0.0100000000    1.0000000003        0        0
  38.6000000000   39.6000344465    1.0000009081   -0.0100000000    0.9999999904        0        0
  38.8000000000   39.8000346282    1.0000009081   -0.0100000000    0.9999999834        0        0
  39.0000000000   40.0000348098    1.0000009081   -0.0100000000    0.9999999793        0        0
  39.2000000000   40.2000349914    1.0000009081   -0.0100000000    0.9999999781        0        0
  39.4000000000   40.4000351730    1.0000009081   -0.0100000000    0.9999999797        0        0
  39.6000000000   40.6000353546    1.0000009081   -0.0100000000    0.9999999842        0        0
  39.8000000000   40.8000355363    1.0000009081   -0.0100000000    0.9999999914        0        0
  40.0000000000   41.0000357179    1.0000009081   -0.0100000000    1.0000000015        0        0
  40.2000000000   41.2000358995    1.0000009081   -0.0100000000    1.0000000144        0        0
  40.4000000000   41.4000360811    1.0000009081   -0.0100000000    1.0000000300        0        0
  40.6000000000   41.6000362627    1.0000009081   -0.0100000000    1.0000000483        0        0
  40.8000000000   41.8000364444    1.0000009081   -0.0100000000    0.9999999501        0        0
  41.0000000000   42.0000366260    1.0000009081   -0.0100000000    0.9999999738        0        0
  41.2000000000   42.2000368076    1.0000009081   -0.0100000000    1.0000000001        0        0
  41.4000000000   42.4000369892    1.0000009081   -0.0100000000    1.0000000291        0        0
  41.6000000000   42.6000371708    1.0000009081   -0.0100000000    0.9999999416        0        0
  41.8000000000   42.8000373525    1.0000009081   -0.0100000000    0.9999999758        0        0
  42.0000000000   43.0000375341    1.0000009081   -0.0100000000    1.0000000126        0        0
  42.2000000000   43.2000377157    1.0000009081   -0.0100000000    1.0000000519        0        0
  42.4000000000   43.4000378973    1.0000009081   -0.0100000000    0.9999999746        0        0
  42.6000000000   43.6000380789    1.0000009081   -0.0100000000    1.0000000190        0        0
  42.8000000000   43.8000382605    1.0000009081   -0.0100000000    0.9999999467        0        0
  43.0000000000   44.0000384422    1.0000009081   -0.0100000000    0.9999999961        0        0
  43.2000000000   44.2000386238    1.0000009081   -0.0100000000    1.0000000479        0        0
  43.4000000000   44.4000388054    1.0000009081   -0.0100000000    0.9999999829        0        0
  43.6000000000   44.6000389870    1.0000009081   -0.0100000000    1.0000000396        0        0
  43.8000000000   44.8000391686    1.0000009081   -0.0100000000    0.9999999795        0        0
  44.0000000000   45.0000393503    1.0000009081   -0.0100000000    1.0000000409        0        0
  44.2000000000   45.2000395319    1.0000009081   -0.0100000000    0.9999999855        0        0
  44.4000000000   45.4000397135    1.0000009081   -0.0100000000    1.0000000517        0        0
  44.6000000000   45.6000398951    1.0000009081   -0.0100000000    1.0000000010        0        0
  44.8000000000   45.8000400767    1.0000009081   -0.0100000000    0.9999999526        0        0
  45.0000000000   46.0000402584    1.0000009081   -0.0100000000    1.0000000256        0        0
  45.2000000000   46.2000404400    1.0000009081   -0.0100000000    0.9999999818        0        0
  45.4000000000   46.4000406216    1.0000009081   -0.0100000000    1.0000000593        0        0
  45.6000000000   46.6000408032    1.0000009081   -0.0100000000    1.0000000200        0        0
  45.8000000000   46.8000409848    1.0000009081   -0.0100000000    0.9999999828        0        0
  46.0000000000   47.0000411665    1.0000009081   -0.0100000000    0.9999999478        0        0
  46.2000000000   47.2000413481    1.0000009081   -0.0100000000    1.0000000342        0        0
  46.4000000000   47.4000415297    1.0000009081   -0.0100000000    1.0000000036        0        0
  46.6000000000   47.6000417113    1.0000009081   -0.0100000000    0.9999999751        0        0
  46.8000000000   47.8000418929    1.0000009081   -0.0100000000    0.9999999487        0        0
  47.0000000000   48.0000420746    1.0000009081   -0.0100000000    1.0000000436        0        0
  47.2000000000   48.2000422562    1.0000009081   -0.0100000000    1.0000000215        0        0
  47.4000000000   48.4000424378    1.0000009081   -0.0100000000    1.0000000014        0        0
  47.6000000000   48.6000426194    1.0000009081   -0.0100000000    0.9999999833        0        0
  47.8000000000   48.8000428010    1.0000009081   -0.0100000000    0.9999999673        0        0
  48.0000000000   49.0000429827    1.0000009081   -0.0100000000    0.9999999534        0        0
  48.2000000000   49.2000431643    1.0000009081   -0.0100000000    0.9999999414        0        0
  48.4000000000   49.4000433459    1.0000009081   -0.0100000000    1.0000000507        0        0
  48.6000000000   49.6000435275    1.0000009081   -0.0100000000    1.0000000427        0        0
  48.8000000000   49.8000437091    1.0000009081   -0.0100000000    1.0000000367        0        0
  49.0000000000   50.0000438908    1.0000009081   -0.0100000000    1.0000000326        0        0
  49.2000000000   50.2000440724    1.0000009081   -0.0100000000    1.0000000305        0        0
  49.4000000000   50.4000442540    1.0000009081   -0.0100000000    1.0000000303        0        0
  49.6000000000   50.6000444356    1.0000009081   -0.0100000000    1.0000000319        0        0
  49.8000000000   50.8000446172    1.0000009081   -0.0100000000    1.0000000355        0        0
  50.0000000000   51.0000447989    1.0000009081   -0.0100000000    1.0000000409        0        0
  50.2000000000   51.2000449805    1.0000009081   -0.0100000000    1.0000000482        0        0
  50.4000000000   51.4000451621    1.0000009081   -0.0100000000    1.0000000574        0        0
  50.6000000000   51.6000453437    1.0000009081   -0.0100000000    0.9999999491        0        0
  50.8000000000   51.8000455253    1.0000009081   -0.0100000000    0.9999999619        0        0
  51.0000000000   52.0000457070    1.0000009081   -0.0100000000    0.9999999765        0        0
  51.2000000000   52.2000458886    1.0000009081   -0.0100000000    0.9999999928        0        0
  51.4000000000   52.4000460702    1.0000009081   -0.0100000000    1.0000000110        0        0
  51.6000000000   52.6000462518    1.0000009081   -0.0100000000    1.0000000308        0        0
  51.8000000000   52.8000464334    1.0000009081   -0.0100000000    1.0000000525        0        0
  52.0000000000   53.0000466151    1.0000009081   -0.0100000000    0.9999999566        0        0
  52.2000000000   53.2000467967    1.0000009081   -0.0100000000    0.9999999817        0        0
  52.4000000000   53.4000469783    1.0000009081   -0.0100000000    1.0000000084        0        0
  52.6000000000   53.6000471599    1.0000009081   -0.0100000000    1.0000000369        0        0
  52.8000000000   53.8000473415    1.0000009081   -0.0100000000    0.9999999478        0        0
  53.0000000000   54.0000475232    1.0000009081   -0.0100000000    0.9999999796        0        0
  53.2000000000   54.2000477048    1.0000009081   -0.0100000000    1.0000000130        0        0
  53.4000000000   54.4000478864    1.0000009081   -0.0100000000    1.0000000481        0        0
  53.6000000000   54.6000480680    1.0000009081   -0.0100000000    0.9999999655        0        0
  53.8000000000   54.8000482496    1.0000009081   -0.0100000000    1.0000000038        0        0
  54.0000000000   55.0000484313    1.0000009081   -0.0100000000    1.0000000437        0        0
  54.2000000000   55.2000486129    1.0000009081   -0.0100000000    0.9999999660        0        0
  54.4000000000   55.4000487945    1.0000009081   -0.0100000000    1.0000000090        0        0
  54.6000000000   55.6000489761    1.0000009081   -0.0100000000    1.0000000536        0        0
  54.8000000000   55.8000491577    1.0000009081   -0.0100000000    0.9999999805        0        0
  55.0000000000   56.0000493394    1.0000009081   -0.0100000000    1.0000000282        0        0
  55.2000000000   56.2000495210    1.0000009081   -0.0100000000    0.9999999582        0        0
  55.4000000000   56.4000497026    1.0000009081   -0.0100000000    1.0000000089        0        0
  55.6000000000   56.6000498842    1.0000009081   -0.0100000000    0.9999999418        0        0
  55.8000000000   56.8000500658    1.0000009081   -0.0100000000    0.9999999955        0        0
  56.0000000000   57.0000502475    1.0000009081   -0.0100000000    1.0000000507        0        0
  56.2000000000   57.2000504291    1.0000009081   -0.0100000000    0.9999999881        0        0
  56.4000000000   57.4000506107    1.0000009081   -0.0100000000    1.0000000461        0        0
  56.6000000000   57.6000507923    1.0000009081   -0.0100000000    0.9999999864        0        0
  56.8000000000   57.8000509739    1.0000009081   -0.0100000000    1.0000000473        0        0
  57.0000000000   58.0000511556    1.0000009081   -0.0100000000    0.9999999904        0        0
  57.2000000000   58.2000513372    1.0000009081   -0.0100000000    1.0000000542        0        0
  57.4000000000   58.4000515188    1.0000009081   -0.0100000000    1.0000000001        0        0
  57.6000000000   58.6000517004    1.0000009081   -0.0100000000    0.9999999474        0        0
  57.8000000000   58.8000518820    1.0000009081   -0.0100000000    1.0000000153        0        0
  58.0000000000   59.0000520637    1.0000009081   -0.0100000000    0.9999999653        0        0
  58.2000000000   59.2000522453    1.0000009081   -0.0100000000    1.0000000359        0        0
  58.4000000000   59.4000524269    1.0000009081   -0.0100000000    0.9999999886        0        0
  58.6000000000   59.6000526085    1.0000009081   -0.0100000000    0.9999999426        0        0
  58.8000000000   59.8000527901    1.0000009081   -0.0100000000    1.0000000172        0        0
  59.0000000000   60.0000529718    1.0000009081   -0.0100000000    0.9999999738        0        0
  59.2000000000   60.2000531534    1.0000009081   -0.0100000000    1.0000000510        0        0
  59.4000000000   60.4000533350    1.0000009081   -0.0100000000    1.0000000103        0        0
  59.6000000000   60.6000535166    1.0000009081   -0.0100000000    0.9999999708        0        0
  59.8000000000   60.8000536982    1.0000009081   -0.0100000000    1.0000000518        0        0
  60.0000000000   61.0000538798    1.0000009081   -0.0100000000    1.0000000148        0        0
  60.2000000000   61.2000540615    1.0000009081   -0.0100000000    0.9999999791        0        0
  60.4000000000   61.4000542431    1.0000009081   -0.0100000000    0.9999999446        0        0
  60.6000000000   61.6000544247    1.0000009081   -0.0100000000    1.0000000305        0        0
  60.8000000000   61.8000546063    1.0000009081   -0.0100000000    0.9999999985        0        0
  61.0000000000   62.0000547879    1.0000009081   -0.0100000000    0.9999999676        0        0
  61.2000000000   62.2000549696    1.0000009081   -0.0100000000    1.0000000572        0        0
  61.4000000000   62.4000551512    1.0000009081   -0.0100000000    1.0000000287        0        0
  61.6000000000   62.6000553328    1.0000009081   -0.0100000000    1.0000000014        0        0
  61.8000000000   62.8000555144    1.0000009081   -0.0100000000    0.9999999753        0        0
  62.0000000000   63.0000556960    1.0000009081   -0.0100000000    0.9999999504        0        0
  62.2000000000   63.2000558777    1.0000009081   -0.0100000000    1.0000000458        0        0
  62.4000000000   63.4000560593    1.0000009081   -0.0100000000    1.0000000231        0        0
  62.6000000000   63.6000562409    1.0000009081   -0.0100000000    1.0000000015        0        0
  62.8000000000   63.8000564225    1.0000009081   -0.0100000000    0.9999999811        0        0
  63.0000000000   64.0000566041    1.0000009081   -0.0100000000    0.9999999618        0        0
  63.2000000000   64.2000567858    1.0000009081   -0.0100000000    0.9999999436        0        0
  63.4000000000   64.4000569674    1.0000009081   -0.0100000000    1.0000000457        0        0
  63.6000000000   64.6000571490    1.0000009081   -0.0100000000    1.0000000297        0        0
  63.8000000000   64.8000573306    1.0000009081   -0.0100000000    1.0000000147        0        0
  64.0000000000   65.0000575122    1.0000009081   -0.0100000000    1.0000000009        0        0
  64.2000000000   65.2000576939    1.0000009081   -0.0100000000    0.9999999880        0        0
  64.4000000000   65.4000578755    1.0000009081   -0.0100000000    0.9999999763        0        0
  64.6000000000   65.6000580571    1.0000009081   -0.0100000000    0.9999999656        0        0
  64.8000000000   65.8000582387    1.0000009081   -0.0100000000    0.9999999559        0        0
  65.0000000000   66.0000584203    1.0000009081   -0.0100000000    0.9999999472        0        0
  65.2000000000   66.2000586020    1.0000009081   -0.0100000000    1.0000000588        0        0
  65.4000000000   66.4000587836    1.0000009081   -0.0100000000    1.0000000522        0        0
  65.6000000000   66.6000589652    1.0000009081   -0.0100000000    1.0000000465        0        0
  65.8000000000   66.8000591468    1.0000009081   -0.0100000000    1.0000000419        0        0
  66.0000000000   67.0000593284    1.0000009081   -0.0100000000    1.0000000383        0        0
  66.2000000000   67.2000595101    1.0000009081   -0.0100000000    1.0000000356        0        0
  66.4000000000   67.4000596917    1.0000009081   -0.0100000000    1.0000000339        0        0
  66.6000000000   67.6000598733    1.0000009081   -0.0100000000    1.0000000332        0        0
  66.8000000000   67.8000600549    1.0000009081   -0.0100000000    1.0000000334        0        0
  67.0000000000   68.0000602365    1.0000009081   -0.0100000000    1.0000000345        0        0
  67.2000000000   68.2000604182    1.0000009081   -0.0100000000    1.0000000367        0        0
  67.4000000000   68.4000605998    1.0000009081   -0.0100000000    1.0000000397        0        0
  67.6000000000   68.6000607814    1.0000009081   -0.0100000000    1.0000000437        0        0
  67.8000000000   68.8000609630    1.0000009081   -0.0100000000    1.0000000486        0        0
  68.0000000000   69.0000611446    1.0000009081   -0.0100000000    1.0000000544        0        0
  68.2000000000   69.2000613263    1.0000009081   -0.0100000000    0.9999999419        0        0
  68.4000000000   69.4000615079    1.0000009081   -0.0100000000    0.9999999495        0        0
  68.6000000000   69.6000616895    1.0000009081   -0.0100000000    0.9999999579        0        0
  68.8000000000   69.8000618711    1.0000009081   -0.0100000000    0.9999999673        0        0
  69.0000000000   70.0000620527    1.0000009081   -0.0100000000    0.9999999776        0        0
  69.2000000000   70.2000622344    1.0000009081   -0.0100000000    0.9999999887        0        0
  69.4000000000   70.4000624160    1.0000009081   -0.0100000000    1.0000000006        0        0
  69.6000000000   70.6000625976    1.0000009081   -0.0100000000    1.0000000135        0        0
  69.8000000000   70.8000627792    1.0000009081   -0.0100000000    1.0000000272        0        0
  70.0000000000   71.0000629608    1.0000009081   -0.0100000000    1.0000000417        0        0
  70.2000000000   71.2000631425    1.0000009081   -0.0100000000    1.0000000570        0        0
  70.4000000000   71.4000633241    1.0000009081   -0.0100000000    0.9999999540        0        0
  70.6000000000   71.6000635057    1.0000009081   -0.0100000000    0.9999999710        0        0
  70.8000000000   71.8000636873    1.0000009081   -0.0100000000    0.9999999888        0        0
  71.0000000000   72.0000638689    1.0000009081   -0.0100000000    1.0000000074        0        0
  71.2000000000   72.2000640506    1.0000009081   -0.0100000000    1.0000000269        0        0
  71.4000000000   72.4000642322    1.0000009081   -0.0100000000    1.0000000471        0        0
  71.6000000000   72.6000644138    1.0000009081   -0.0100000000    0.9999999489        0        0
  71.8000000000   72.8000645954    1.0000009081   -0.0100000000    0.9999999707        0        0
  72.0000000000   73.0000647770    1.0000009081   -0.0100000000    0.9999999932        0        0
  72.2000000000   73.2000649587    1.0000009081   -0.0100000000    1.0000000166        0        0
  72.4000000000   73.4000651403    1.0000009081   -0.0100000000    1.0000000407        0        0
  72.6000000000   73.6000653219    1.0000009081   -0.0100000000    0.9999999463        0        0
  72.8000000000   73.8000655035    1.0000009081   -0.0100000000    0.9999999719        0        0
  73.0000000000   74.0000656851    1.0000009081   -0.0100000000    0.9999999983        0        0
  73.2000000000   74.2000658668    1.0000009081   -0.0100000000    1.0000000254        0        0
  73.4000000000   74.4000660484    1.0000009081   -0.0100000000    1.0000000532        0        0
  73.6000000000   74.6000662300    1.0000009081   -0.0100000000    0.9999999625        0        0
  73.8000000000   74.8000664116    1.0000009081   -0.0100000000    0.9999999918        0        0
  74.0000000000   75.0000665932    1.0000009081   -0.0100000000    1.0000000218        0        0
  74.2000000000   75.2000667749    1.0000009081   -0.0100000000    1.0000000525        0        0
  74.4000000000   75.4000669565    1.0000009081   -0.0100000000    0.9999999647        0        0
  74.6000000000   75.6000671381    1.0000009081   -0.0100000000    0.9999999968        0        0
  74.8000000000   75.8000673197    1.0000009081   -0.0100000000    1.0000000296        0        0
  75.0000000000   76.0000675013    1.0000009081   -0.0100000000    0.9999999439        0        0
  75.2000000000   76.2000676830    1.0000009081   -0.0100000000    0.9999999781        0        0
  75.4000000000   76.4000678646    1.0000009081   -0.0100000000    1.0000000130        0        0
  75.6000000000   76.6000680462    1.0000009081   -0.0100000000    1.0000000485        0        0
  75.8000000000   76.8000682278    1.0000009081   -0.0100000000    0.9999999655        0        0
  76.0000000000   77.0000684094    1.0000009081   -0.0100000000    1.0000000023        0        0
  76.2000000000   77.2000685911    1.0000009081   -0.0100000000    1.0000000398        0        0
  76.4000000000   77.4000687727    1.0000009081   -0.0100000000    0.9999999588        0        0
  76.6000000000   77.6000689543    1.0000009081   -0.0100000000    0.9999999976        0        0
  76.8000000000   77.8000691359    1.0000009081   -0.0100000000    1.0000000370        0        0
  77.0000000000   78.0000693175    1.0000009081   -0.0100000000    0.9999999579        0        0
  77.2000000000   78.2000694991    1.0000009081   -0.0100000000    0.9999999986        0        0
  77.4000000000   78.4000696808    1.0000009081   -0.0100000000    1.0000000400        0        0
  77.6000000000   78.6000698624    1.0000009081   -0.0100000000    0.9999999627        0        0
  77.8000000000   78.8000700440    1.0000009081   -0.0100000000    1.0000000053        0        0
  78.0000000000   79.0000702256    1.0000009081   -0.0100000000    1.0000000485        0        0
  78.2000000000   79.2000704072    1.0000009081   -0.0100000000    0.9999999730        0        0
  78.4000000000   79.4000705889    1.0000009081   -0.0100000000    1.0000000174        0        0
  78.6000000000   79.6000707705    1.0000009081   -0.0100000000    0.9999999432        0        0
  78.8000000000   79.8000709521    1.0000009081   -0.0100000000    0.9999999888        0        0
  79.0000000000   80.0000711337    1.0000009081   -0.0100000000    1.0000000350        0        0
  79.2000000000   80.2000713153    1.0000009081   -0.0100000000    0.9999999625        0        0
  79.4000000000   80.4000714970    1.0000009081   -0.0100000000    1.0000000098        0        0
  79.6000000000   80.6000716786    1.0000009081   -0.0100000000    1.0000000577        0        0
  79.8000000000   80.8000718602    1.0000009081   -0.0100000000    0.9999999870        0        0
  80.0000000000   81.0000720418    1.0000009081   -0.0100000000    1.0000000360        0        0
  80.2000000000   81.2000722234    1.0000009081   -0.0100000000    0.9999999664        0        0
  80.4000000000   81.4000724051    1.0000009081   -0.0100000000    1.0000000165        0        0
  80.6000000000   81.6000725867    1.0000009081   -0.0100000000    0.9999999480        0        0
  80.8000000000   81.8000727683    1.0000009081   -0.0100000000    0.9999999993        0        0
  81.0000000000   82.0000729499    1.0000009081   -0.0100000000    1.0000000510        0        0
  81.2000000000   82.2000731315    1.0000009081   -0.0100000000    0.9999999841        0        0
  81.4000000000   82.4000733132    1.0000009081   -0.0100000000    1.0000000370        0        0
  81.6000000000   82.6000734948    1.0000009081   -0.0100000000    0.9999999712        0        0
  81.8000000000   82.8000736764    1.0000009081   -0.0100000000    1.0000000251        0        0
  82.0000000000   83.0000738580    1.0000009081   -0.0100000000    0.9999999603        0        0
  82.2000000000   83.2000740396    1.0000009081   -0.0100000000    1.0000000152        0        0
  82.4000000000   83.4000742213    1.0000009081   -0.0100000000    0.9999999515        0        0
  82.6000000000   83.6000744029    1.0000009081   -0.0100000000    1.0000000074        0        0
  82.8000000000   83.8000745845    1.0000009081   -0.0100000000    0.9999999447        0        0
  83.0000000000   84.0000747661    1.0000009081   -0.0100000000    1.0000000017        0        0
  83.2000000000   84.2000749477    1.0000009081   -0.0100000000    1.0000000591        0        0
  83.4000000000   84.4000751294    1.0000009081   -0.0100000000    0.9999999979        0        0
  83.6000000000   84.6000753110    1.0000009081   -0.0100000000    1.0000000563        0        0
  83.8000000000   84.8000754926    1.0000009081   -0.0100000000    0.9999999960        0        0
  84.0000000000   85.0000756742    1.0000009081   -0.0100000000    1.0000000554        0        0
  84.2000000000   85.2000758558    1.0000009081   -0.0100000000    0.9999999961        0        0
  84.4000000000   85.4000760375    1.0000009081   -0.0100000000    1.0000000564        0        0
  84.6000000000   85.6000762191    1.0000009081   -0.0100000000    0.9999999981        0        0
  84.8000000000   85.8000764007    1.0000009081   -0.0100000000    1.0000000593        0        0
  85.0000000000   86.0000765823    1.0000009081   -0.0100000000    1.0000000019        0        0
  85.2000000000   86.2000767639    1.0000009081   -0.0100000000    0.9999999449        0        0
  85.4000000000   86.4000769456    1.0000009081   -0.0100000000    1.0000000076        0        0
  85.6000000000   86.6000771272    1.0000009081   -0.0100000000    0.9999999515        0        0
  85.8000000000   86.8000773088    1.0000009081   -0.0100000000    1.0000000150        0        0
  86.0000000000   87.0000774904    1.0000009081   -0.0100000000    0.9999999598        0        0
  86.2000000000   87.2000776720    1.0000009081   -0.0100000000    1.0000000242        0        0
  86.4000000000   87.4000778537    1.0000009081   -0.0100000000    0.9999999699        0        0
  86.6000000000   87.6000780353    1.0000009081   -0.0100000000    1.0000000352        0        0
  86.8000000000   87.8000782169    1.0000009081   -0.0100000000    0.9999999818        0        0
  87.0000000000   88.0000783985    1.0000009081   -0.0100000000    1.0000000479        0        0
  87.2000000000   88.2000785801    1.0000009081   -0.0100000000    0.9999999953        0        0
  87.4000000000   88.4000787618    1.0000009081   -0.0100000000    0.9999999431        0        0
  87.6000000000   88.6000789434    1.0000009081   -0.0100000000    1.0000000105        0        0
  87.8000000000   88.8000791250    1.0000009081   -0.0100000000    0.9999999592        0        0
  88.0000000000   89.0000793066    1.0000009081   -0.0100000000    1.0000000274        0        0
  88.2000000000   89.2000794882    1.0000009081   -0.0100000000    0.9999999769        0        0
  88.4000000000   89.4000796699    1.0000009081   -0.0100000000    1.0000000459        0        0
  88.6000000000   89.6000798515    1.0000009081   -0.0100000000    0.9999999962        0        0
  88.8000000000   89.8000800331    1.0000009081   -0.0100000000    0.9999999468        0        0
  89.0000000000   90.0000802147    1.0000009081   -0.0100000000    1.0000000170        0        0
  89.2000000000   90.2000803963    1.0000009081   -0.0100000000    0.9999999685        0        0
  89.4000000000   90.4000805780    1.0000009081   -0.0100000000    1.0000000395        0        0
  89.6000000000   90.6000807596    1.0000009081   -0.0100000000    0.9999999917        0        0
  89.8000000000   90.8000809412    1.0000009081   -0.0100000000    0.9999999443        0        0
  90.0000000000   91.0000811228    1.0000009081   -0.0100000000    1.0000000164        0        0
  90.2000000000   91.2000813044    1.0000009081   -0.0100000000    0.9999999698        0        0
  90.4000000000   91.4000814861    1.0000009081   -0.0100000000    1.0000000427        0        0
  90.6000000000   91.6000816677    1.0000009081   -0.0100000000    0.9999999967        0        0
  90.8000000000   91.8000818493    1.0000009081   -0.0100000000    0.9999999512        0        0
  91.0000000000   92.0000820309    1.0000009081   -0.0100000000    1.0000000252        0        0
  91.2000000000   92.2000822125    1.0000009081   -0.0100000000    0.9999999803        0        0
  91.4000000000   92.4000823942    1.0000009081   -0.0100000000    1.0000000551        0        0
  91.6000000000   92.6000825758    1.0000009081   -0.0100000000    1.0000000109        0        0
  91.8000000000   92.8000827574    1.0000009081   -0.0100000000    0.9999999672        0        0
  92.0000000000   93.0000829390    1.0000009081   -0.0100000000    1.0000000429        0        0
  92.2000000000   93.2000831206    1.0000009081   -0.0100000000    0.9999999999        0        0
  92.4000000000   93.4000833023    1.0000009081   -0.0100000000    0.9999999571        0        0
  92.6000000000   93.6000834839    1.0000009081   -0.0100000000    1.0000000339        0        0
  92.8000000000   93.8000836655    1.0000009081   -0.0100000000    0.9999999919        0        0
  93.0000000000   94.0000838471    1.0000009081   -0.0100000000    0.9999999502        0        0
  93.2000000000   94.2000840287    1.0000009081   -0.0100000000    1.0000000280        0        0
  93.4000000000   94.4000842104    1.0000009081   -0.0100000000    0.9999999869        0        0
  93.6000000000   94.6000843920    1.0000009081   -0.0100000000    0.9999999462        0        0
  93.8000000000   94.8000845736    1.0000009081   -0.0100000000    1.0000000250        0        0
  94.0000000000   95.0000847552    1.0000009081   -0.0100000000    0.9999999849        0        0
  94.2000000000   95.2000849368    1.0000009081   -0.0100000000    0.9999999451        0        0
  94.4000000000   95.4000851185    1.0000009081   -0.0100000000    1.0000000249        0        0
  94.6000000000   95.6000853001    1.0000009081   -0.0100000000    0.9999999857        0        0
  94.8000000000   95.8000854817    1.0000009081   -0.0100000000    0.9999999469        0        0
  95.0000000000   96.0000856633    1.0000009081   -0.0100000000    1.0000000276        0        0
  95.2000000000   96.2000858449    1.0000009081   -0.0100000000    0.9999999894        0        0
  95.4000000000   96.4000860265    1.0000009081   -0.0100000000    0.9999999515        0        0
  95.6000000000   96.6000862082    1.0000009081   -0.0100000000    1.0000000331        0        0
  95.8000000000   96.8000863898    1.0000009081   -0.0100000000    0.9999999958        0        0
  96.0000000000   97.0000865714    1.0000009081   -0.0100000000    0.9999999588        0        0
  96.2000000000   97.2000867530    1.0000009081   -0.0100000000    1.0000000413        0        0
  96.4000000000   97.4000869346    1.0000009081   -0.0100000000    1.0000000048        0        0
  96.6000000000   97.6000871163    1.0000009081   -0.0100000000    0.9999999687        0        0
  96.8000000000   97.8000872979    1.0000009081   -0.0100000000    1.0000000521        0        0
  97.0000000000   98.0000874795    1.0000009081   -0.0100000000    1.0000000165        0        0
  97.2000000000   98.2000876611    1.0000009081   -0.0100000000    0.9999999812        0        0
  97.4000000000   98.4000878427    1.0000009081   -0.0100000000    0.9999999463        0        0
  97.6000000000   98.6000880244    1.0000009081   -0.0100000000    1.0000000307        0        0
  97.8000000000   98.8000882060    1.0000009081   -0.0100000000    0.9999999963        0        0
  98.0000000000   99.0000883876    1.0000009081   -0.0100000000    0.9999999622        0        0
  98.2000000000   99.2000885692    1.0000009081   -0.0100000000    1.0000000475        0        0
  98.4000000000   99.4000887508    1.0000009081   -0.0100000000    1.0000000138        0        0
  98.6000000000   99.6000889325    1.0000009081   -0.0100000000    0.9999999805        0        0
  98.8000000000   99.8000891141    1.0000009081   -0.0100000000    0.9999999474        0        0
  99.0000000000  100.0000892957    1.0000009081   -0.0100000000    1.0000000338        0        0
  99.2000000000  100.2000894773    1.0000009081   -0.0100000000    1.0000000012        0        0
  99.4000000000  100.4000896589    1.0000009081   -0.0100000000    0.9999999689        0        0
  99.6000000000  100.6000898406    1.0000009081   -0.0100000000    1.0000000561        0        0
  99.8000000000  100.8000900222    1.0000009081   -0.0100000000    1.0000000243        0        0
 100.0000000000  101.0000902038    1.0000009081   -0.0100000000    0.9999999928        0        0
