    0.200000		   0.9999990463		   0.0000009911		
    0.400000		   0.9999896288		   0.0000103192		
    0.600000		   0.9999445684		   0.0000554588		
    0.800000		   0.9998909265		   0.0001090412		
    1.000000		   0.9998495635		   0.0001504836		
    1.200000		   0.9998240548		   0.0001759251		
    1.400000		   0.9998109430		   0.0001890746		
    1.600000		   0.9998053407		   0.0001947076		
    1.800000		   0.9998036719		   0.0001962827		
    2.000000		   0.9998042679		   0.0001957728		
    2.200000		   0.9998054599		   0.0001945420		
    2.400000		   0.9998068903		   0.0001930890		
    2.600000		   0.9998084398		   0.0001915788		
    2.800000		   0.9998099894		   0.0001900615		
    3.000000		   0.9998114198		   0.0001885510		
    3.200000		   0.9998129694		   0.0001870508		
    3.400000		   0.9998143997		   0.0001855618		
    3.600000		   0.9998159493		   0.0001840844		
    3.800000		   0.9998173797		   0.0001826184		
    4.000000		   0.9998188101		   0.0001811639		
    4.200000		   0.9998202405		   0.0001797209		
    4.400000		   0.9998216709		   0.0001782892		
    4.600000		   0.9998231012		   0.0001768689		
    4.800000		   0.9998245316		   0.0001754599		
    5.000000		   0.9998259620		   0.0001740621		
    5.200000		   0.9998272732		   0.0001726753		
    5.400000		   0.9998287036		   0.0001712996		
    5.600000		   0.9998300148		   0.0001699349		
    5.800000		   0.9998314452		   0.0001685810		
    6.000000		   0.9998327564		   0.0001672379		
    6.200000		   0.9998340676		   0.0001659055		
    6.400000		   0.9998353787		   0.0001645837		
    6.600000		   0.9998366899		   0.0001632724		
    6.800000		   0.9998380011		   0.0001619716		
    7.000000		   0.9998393123		   0.0001606811		
    7.200000		   0.9998406235		   0.0001594009		
    7.400000		   0.9998418155		   0.0001581309		
    7.600000		   0.9998431267		   0.0001568710		
    7.800000		   0.9998444379		   0.0001556212		
    8.000000		   0.9998456299		   0.0001543813		
    8.200000		   0.9998468219		   0.0001531513		
    8.400000		   0.9998480139		   0.0001519311		
    8.600000		   0.9998493251		   0.0001507207		
    8.800000		   0.9998505171		   0.0001495198		
    9.000000		   0.9998517091		   0.0001483285		
    9.200000		   0.9998529011		   0.0001471468		
    9.400000		   0.9998539740		   0.0001459744		
    9.600000		   0.9998551660		   0.0001448114		
    9.800000		   0.9998563580		   0.0001436576		
   10.000000		   0.9998574308		   0.0001425131		
   10.200000		   0.9998586228		   0.0001413776		
   10.400000		   0.9998596956		   0.0001402512		
   10.600000		   0.9998608876		   0.0001391338		
   10.800000		   0.9998619604		   0.0001380253		
   11.000000		   0.9998630332		   0.0001369256		
   11.200000		   0.9998641060		   0.0001358347		
   11.400000		   0.9998652980		   0.0001347524		
   11.600000		   0.9998663709		   0.0001336788		
   11.800000		   0.9998674437		   0.0001326138		
   12.000000		   0.9998683973		   0.0001315572		
   12.200000		   0.9998694701		   0.0001305090		
   12.400000		   0.9998705429		   0.0001294692		
   12.600000		   0.9998716157		   0.0001284377		
   12.800000		   0.9998725693		   0.0001274144		
   13.000000		   0.9998736421		   0.0001263993		
   13.200000		   0.9998745958		   0.0001253922		
   13.400000		   0.9998755494		   0.0001243932		
   13.600000		   0.9998766222		   0.0001234021		
   13.800000		   0.9998775758		   0.0001224189		
   14.000000		   0.9998785294		   0.0001214436		
   14.200000		   0.9998794830		   0.0001204760		
   14.400000		   0.9998804367		   0.0001195161		
   14.600000		   0.9998813903		   0.0001185639		
   14.800000		   0.9998823439		   0.0001176193		
   15.000000		   0.9998832975		   0.0001166822		
   15.200000		   0.9998842511		   0.0001157525		
   15.400000		   0.9998852047		   0.0001148303		
   15.600000		   0.9998860392		   0.0001139154		
   15.800000		   0.9998869928		   0.0001130078		
   16.000000		   0.9998879464		   0.0001121075		
   16.200000		   0.9998887808		   0.0001112143		
   16.400000		   0.9998896152		   0.0001103282		
   16.600000		   0.9998905689		   0.0001094492		
   16.800000		   0.9998914033		   0.0001085771		
   17.000000		   0.9998922377		   0.0001077121		
   17.200000		   0.9998931913		   0.0001068539		
   17.400000		   0.9998940257		   0.0001060026		
   17.600000		   0.9998948602		   0.0001051580		
   17.800000		   0.9998956946		   0.0001043202		
   18.000000		   0.9998965290		   0.0001034890		
   18.200000		   0.9998973634		   0.0001026645		
   18.400000		   0.9998981979		   0.0001018465		
   18.600000		   0.9998989131		   0.0001010351		
   18.800000		   0.9998997475		   0.0001002301		
   19.000000		   0.9999005819		   0.0000994316		
   19.200000		   0.9999014163		   0.0000986394		
   19.400000		   0.9999021316		   0.0000978535		
   19.600000		   0.9999029660		   0.0000970739		
   19.800000		   0.9999036812		   0.0000963004		
   20.000000		   0.9999045156		   0.0000955332		
   20.200000		   0.9999052309		   0.0000947720		
   20.400000		   0.9999059461		   0.0000940170		
   20.600000		   0.9999067805		   0.0000932679		
   20.800000		   0.9999074957		   0.0000925248		
   21.000000		   0.9999082110		   0.0000917876		
   21.200000		   0.9999089262		   0.0000910563		
   21.400000		   0.9999096414		   0.0000903309		
   21.600000		   0.9999103566		   0.0000896112		
   21.800000		   0.9999110718		   0.0000888972		
   22.000000		   0.9999117871		   0.0000881889		
   22.200000		   0.9999125023		   0.0000874863		
   22.400000		   0.9999132175		   0.0000867893		
   22.600000		   0.9999139327		   0.0000860978		
   22.800000		   0.9999145288		   0.0000854118		
   23.000000		   0.9999152440		   0.0000847313		
   23.200000		   0.9999159592		   0.0000840563		
   23.400000		   0.9999165552		   0.0000833865		
   23.600000		   0.9999172705		   0.0000827222		
   23.800000		   0.9999179857		   0.0000820631		
   24.000000		   0.9999185817		   0.0000814093		
   24.200000		   0.9999192969		   0.0000807607		
   24.400000		   0.9999198930		   0.0000801172		
   24.600000		   0.9999204890		   0.0000794789		
   24.800000		   0.9999212042		   0.0000788457		
   25.000000		   0.9999218002		   0.0000782175		
   25.200000		   0.9999223963		   0.0000775943		
   25.400000		   0.9999229923		   0.0000769761		
   25.600000		   0.9999235883		   0.0000763628		
   25.800000		   0.9999243035		   0.0000757544		
   26.000000		   0.9999248996		   0.0000751509		
   26.200000		   0.9999254956		   0.0000745521		
   26.400000		   0.9999260916		   0.0000739581		
   26.600000		   0.9999266876		   0.0000733689		
   26.800000		   0.9999271645		   0.0000727843		
   27.000000		   0.9999277605		   0.0000722044		
   27.200000		   0.9999283565		   0.0000716291		
   27.400000		   0.9999289525		   0.0000710585		
   27.600000		   0.9999295486		   0.0000704923		
   27.800000		   0.9999300254		   0.0000699307		
   28.000000		   0.9999306214		   0.0000693735		
   28.200000		   0.9999312174		   0.0000688208		
   28.400000		   0.9999316942		   0.0000682725		
   28.600000		   0.9999322903		   0.0000677285		
   28.800000		   0.9999327671		   0.0000671889		
   29.000000		   0.9999333631		   0.0000666536		
   29.200000		   0.9999338399		   0.0000661226		
   29.400000		   0.9999344360		   0.0000655957		
   29.600000		   0.9999349128		   0.0000650731		
   29.800000		   0.9999353896		   0.0000645547		
   30.000000		   0.9999359856		   0.0000640403		
   30.200000		   0.9999364625		   0.0000635301		
   30.400000		   0.9999369393		   0.0000630239		
   30.600000		   0.9999375353		   0.0000625218		
   30.800000		   0.9999380121		   0.0000620237		
   31.000000		   0.9999384890		   0.0000615295		
   31.200000		   0.9999389658		   0.0000610393		
   31.400000		   0.9999394426		   0.0000605530		
   31.600000		   0.9999399194		   0.0000600705		
   31.800000		   0.9999403962		   0.0000595919		
   32.000000		   0.9999408731		   0.0000591172		
   32.200000		   0.9999413499		   0.0000586461		
   32.400000		   0.9999418267		   0.0000581789		
   32.600000		   0.9999423035		   0.0000577154		
   32.800000		   0.9999427804		   0.0000572555		
   33.000000		   0.9999432572		   0.0000567994		
   33.200000		   0.9999436148		   0.0000563468		
   33.400000		   0.9999440916		   0.0000558979		
   33.600000		   0.9999445684		   0.0000554525		
   33.800000		   0.9999450453		   0.0000550107		
   34.000000		   0.9999454029		   0.0000545724		
   34.200000		   0.9999458797		   0.0000541377		
   34.400000		   0.9999462373		   0.0000537063		
   34.600000		   0.9999467142		   0.0000532784		
   34.800000		   0.9999471910		   0.0000528539		
   35.000000		   0.9999475486		   0.0000524328		
   35.200000		   0.9999480254		   0.0000520151		
   35.400000		   0.9999483830		   0.0000516007		
   35.600000		   0.9999488599		   0.0000511896		
   35.800000		   0.9999492175		   0.0000507817		
   36.000000		   0.9999495751		   0.0000503771		
   36.200000		   0.9999500519		   0.0000499758		
   36.400000		   0.9999504096		   0.0000495776		
   36.600000		   0.9999507672		   0.0000491826		
   36.800000		   0.9999512440		   0.0000487907		
   37.000000		   0.9999516016		   0.0000484020		
   37.200000		   0.9999519592		   0.0000480164		
   37.400000		   0.9999523169		   0.0000476338		
   37.600000		   0.9999527937		   0.0000472543		
   37.800000		   0.9999531513		   0.0000468778		
   38.000000		   0.9999535089		   0.0000465043		
   38.200000		   0.9999538665		   0.0000461338		
   38.400000		   0.9999542242		   0.0000457662		
   38.600000		   0.9999545818		   0.0000454016		
   38.800000		   0.9999549394		   0.0000450399		
   39.000000		   0.9999552970		   0.0000446810		
   39.200000		   0.9999556546		   0.0000443251		
   39.400000		   0.9999560123		   0.0000439719		
   39.600000		   0.9999563699		   0.0000436216		
   39.800000		   0.9999567275		   0.0000432740		
   40.000000		   0.9999570851		   0.0000429292		
   40.200000		   0.9999574427		   0.0000425872		
   40.400000		   0.9999578004		   0.0000422479		
   40.600000		   0.9999580388		   0.0000419113		
   40.800000		   0.9999583964		   0.0000415774		
   41.000000		   0.9999587540		   0.0000412461		
   41.200000		   0.9999591116		   0.0000409175		
   41.400000		   0.9999593500		   0.0000405915		
   41.600000		   0.9999597077		   0.0000402681		
   41.800000		   0.9999600653		   0.0000399473		
   42.000000		   0.9999604229		   0.0000396290		
   42.200000		   0.9999606613		   0.0000393133		
   42.400000		   0.9999610189		   0.0000390000		
   42.600000		   0.9999612574		   0.0000386893		
   42.800000		   0.9999616150		   0.0000383811		
   43.000000		   0.9999619726		   0.0000380753		
   43.200000		   0.9999622110		   0.0000377719		
   43.400000		   0.9999625686		   0.0000374710		
   43.600000		   0.9999628070		   0.0000371724		
   43.800000		   0.9999631647		   0.0000368763		
   44.000000		   0.9999634031		   0.0000365825		
   44.200000		   0.9999637607		   0.0000362910		
   44.400000		   0.9999639991		   0.0000360019		
   44.600000		   0.9999642375		   0.0000357150		
   44.800000		   0.9999645952		   0.0000354305		
   45.000000		   0.9999648336		   0.0000351482		
   45.200000		   0.9999651912		   0.0000348682		
   45.400000		   0.9999654296		   0.0000345903		
   45.600000		   0.9999656680		   0.0000343148		
   45.800000		   0.9999659064		   0.0000340414		
   46.000000		   0.9999662641		   0.0000337701		
   46.200000		   0.9999665025		   0.0000335011		
   46.400000		   0.9999667409		   0.0000332342		
   46.600000		   0.9999669793		   0.0000329694		
   46.800000		   0.9999673369		   0.0000327067		
   47.000000		   0.9999675753		   0.0000324461		
   47.200000		   0.9999678138		   0.0000321876		
   47.400000		   0.9999680522		   0.0000319312		
   47.600000		   0.9999682906		   0.0000316768		
   47.800000		   0.9999685290		   0.0000314244		
   48.000000		   0.9999687674		   0.0000311740		
   48.200000		   0.9999691250		   0.0000309256		
   48.400000		   0.9999693634		   0.0000306792		
   48.600000		   0.9999696019		   0.0000304348		
   48.800000		   0.9999698403		   0.0000301923		
   49.000000		   0.9999700787		   0.0000299518		
   49.200000		   0.9999703171		   0.0000297132		
   49.400000		   0.9999705555		   0.0000294764		
   49.600000		   0.9999707939		   0.0000292416		
   49.800000		   0.9999710324		   0.0000290086		
   50.000000		   0.9999712708		   0.0000287775		
   50.200000		   0.9999715092		   0.0000285482		
   50.400000		   0.9999716284		   0.0000283207		
   50.600000		   0.9999718668		   0.0000280951		
   50.800000		   0.9999721052		   0.0000278713		
   51.000000		   0.9999723436		   0.0000276492		
   51.200000		   0.9999725821		   0.0000274289		
   51.400000		   0.9999728205		   0.0000272104		
   51.600000		   0.9999730589		   0.0000269936		
   51.800000		   0.9999731781		   0.0000267785		
   52.000000		   0.9999734165		   0.0000265652		
   52.200000		   0.9999736549		   0.0000263535		
   52.400000		   0.9999738933		   0.0000261435		
   52.600000		   0.9999740125		   0.0000259353		
   52.800000		   0.9999742510		   0.0000257286		
   53.000000		   0.9999744894		   0.0000255236		
   53.200000		   0.9999747278		   0.0000253203		
   53.400000		   0.9999748470		   0.0000251185		
   53.600000		   0.9999750854		   0.0000249184		
   53.800000		   0.9999753238		   0.0000247199		
   54.000000		   0.9999754430		   0.0000245229		
   54.200000		   0.9999756815		   0.0000243275		
   54.400000		   0.9999759199		   0.0000241337		
   54.600000		   0.9999760391		   0.0000239414		
   54.800000		   0.9999762775		   0.0000237507		
   55.000000		   0.9999763967		   0.0000235615		
   55.200000		   0.9999766351		   0.0000233737		
   55.400000		   0.9999767543		   0.0000231875		
   55.600000		   0.9999769927		   0.0000230028		
   55.800000		   0.9999772312		   0.0000228195		
   56.000000		   0.9999773504		   0.0000226377		
   56.200000		   0.9999775888		   0.0000224573		
   56.400000		   0.9999777080		   0.0000222784		
   56.600000		   0.9999779464		   0.0000221009		
   56.800000		   0.9999780656		   0.0000219248		
   57.000000		   0.9999783040		   0.0000217501		
   57.200000		   0.9999784232		   0.0000215769		
   57.400000		   0.9999785424		   0.0000214049		
   57.600000		   0.9999787809		   0.0000212344		
   57.800000		   0.9999789001		   0.0000210652		
   58.000000		   0.9999791385		   0.0000208974		
   58.200000		   0.9999792577		   0.0000207309		
   58.400000		   0.9999793769		   0.0000205657		
   58.600000		   0.9999796153		   0.0000204019		
   58.800000		   0.9999797345		   0.0000202393		
   59.000000		   0.9999799729		   0.0000200781		
   59.200000		   0.9999800921		   0.0000199181		
   59.400000		   0.9999802114		   0.0000197594		
   59.600000		   0.9999804498		   0.0000196020		
   59.800000		   0.9999805690		   0.0000194458		
   60.000000		   0.9999806882		   0.0000192909		
   60.200000		   0.9999808074		   0.0000191372		
   60.400000		   0.9999810458		   0.0000189847		
   60.600000		   0.9999811650		   0.0000188335		
   60.800000		   0.9999812842		   0.0000186834		
   61.000000		   0.9999815226		   0.0000185345		
   61.200000		   0.9999816419		   0.0000183869		
   61.400000		   0.9999817611		   0.0000182404		
   61.600000		   0.9999818803		   0.0000180951		
   61.800000		   0.9999819995		   0.0000179509		
   62.000000		   0.9999822379		   0.0000178079		
   62.200000		   0.9999823571		   0.0000176660		
   62.400000		   0.9999824763		   0.0000175252		
   62.600000		   0.9999825955		   0.0000173856		
   62.800000		   0.9999827147		   0.0000172471		
   63.000000		   0.9999828339		   0.0000171097		
   63.200000		   0.9999830724		   0.0000169734		
   63.400000		   0.9999831916		   0.0000168381		
   63.600000		   0.9999833108		   0.0000167040		
   63.800000		   0.9999834300		   0.0000165709		
   64.000000		   0.9999835492		   0.0000164389		
   64.200000		   0.9999836684		   0.0000163079		
   64.400000		   0.9999837876		   0.0000161780		
   64.600000		   0.9999839068		   0.0000160491		
   64.800000		   0.9999840260		   0.0000159212		
   65.000000		   0.9999842644		   0.0000157944		
   65.200000		   0.9999843836		   0.0000156685		
   65.400000		   0.9999845029		   0.0000155437		
   65.600000		   0.9999846221		   0.0000154198		
   65.800000		   0.9999847413		   0.0000152970		
   66.000000		   0.9999848605		   0.0000151751		
   66.200000		   0.9999849797		   0.0000150542		
   66.400000		   0.9999850989		   0.0000149343		
   66.600000		   0.9999852181		   0.0000148153		
   66.800000		   0.9999853373		   0.0000146972		
   67.000000		   0.9999854565		   0.0000145801		
   67.200000		   0.9999855757		   0.0000144640		
   67.400000		   0.9999856949		   0.0000143487		
   67.600000		   0.9999858141		   0.0000142344		
   67.800000		   0.9999859334		   0.0000141210		
   68.000000		   0.9999859334		   0.0000140085		
   68.200000		   0.9999860526		   0.0000138969		
   68.400000		   0.9999861718		   0.0000137862		
   68.600000		   0.9999862910		   0.0000136763		
   68.800000		   0.9999864102		   0.0000135674		
   69.000000		   0.9999865294		   0.0000134593		
   69.200000		   0.9999866486		   0.0000133520		
   69.400000		   0.9999867678		   0.0000132457		
   69.600000		   0.9999868870		   0.0000131401		
   69.800000		   0.9999870062		   0.0000130354		
   70.000000		   0.9999871254		   0.0000129316		
   70.200000		   0.9999871254		   0.0000128286		
   70.400000		   0.9999872446		   0.0000127263		
   70.600000		   0.9999873639		   0.0000126250		
   70.800000		   0.9999874831		   0.0000125244		
   71.000000		   0.9999876023		   0.0000124246		
   71.200000		   0.9999877215		   0.0000123256		
   71.400000		   0.9999877215		   0.0000122274		
   71.600000		   0.9999878407		   0.0000121300		
   71.800000		   0.9999879599		   0.0000120333		
   72.000000		   0.9999880791		   0.0000119375		
   72.200000		   0.9999881983		   0.0000118423		
   72.400000		   0.9999881983		   0.0000117480		
   72.600000		   0.9999883175		   0.0000116544		
   72.800000		   0.9999884367		   0.0000115615		
   73.000000		   0.9999885559		   0.0000114694		
   73.200000		   0.9999886751		   0.0000113780		
   73.400000		   0.9999886751		   0.0000112874		
   73.600000		   0.9999887944		   0.0000111975		
   73.800000		   0.9999889136		   0.0000111082		
   74.000000		   0.9999890328		   0.0000110197		
   74.200000		   0.9999890328		   0.0000109319		
   74.400000		   0.9999891520		   0.0000108448		
   74.600000		   0.9999892712		   0.0000107584		
   74.800000		   0.9999892712		   0.0000106727		
   75.000000		   0.9999893904		   0.0000105877		
   75.200000		   0.9999895096		   0.0000105033		
   75.400000		   0.9999896288		   0.0000104197		
   75.600000		   0.9999896288		   0.0000103366		
   75.800000		   0.9999897480		   0.0000102543		
   76.000000		   0.9999898672		   0.0000101726		
   76.200000		   0.9999898672		   0.0000100915		
   76.400000		   0.9999899864		   0.0000100111		
   76.600000		   0.9999901057		   0.0000099314		
   76.800000		   0.9999901057		   0.0000098522		
   77.000000		   0.9999902249		   0.0000097738		
   77.200000		   0.9999903441		   0.0000096959		
   77.400000		   0.9999903441		   0.0000096186		
   77.600000		   0.9999904633		   0.0000095420		
   77.800000		   0.9999905825		   0.0000094660		
   78.000000		   0.9999905825		   0.0000093906		
   78.200000		   0.9999907017		   0.0000093157		
   78.400000		   0.9999907017		   0.0000092415		
   78.600000		   0.9999908209		   0.0000091679		
   78.800000		   0.9999909401		   0.0000090948		
   79.000000		   0.9999909401		   0.0000090224		
   79.200000		   0.9999910593		   0.0000089505		
   79.400000		   0.9999911785		   0.0000088792		
   79.600000		   0.9999911785		   0.0000088084		
   79.800000		   0.9999912977		   0.0000087383		
   80.000000		   0.9999912977		   0.0000086686		
   80.200000		   0.9999914169		   0.0000085996		
   80.400000		   0.9999914169		   0.0000085311		
   80.600000		   0.9999915362		   0.0000084631		
   80.800000		   0.9999916554		   0.0000083957		
   81.000000		   0.9999916554		   0.0000083288		
   81.200000		   0.9999917746		   0.0000082624		
   81.400000		   0.9999917746		   0.0000081966		
   81.600000		   0.9999918938		   0.0000081313		
   81.800000		   0.9999918938		   0.0000080665		
   82.000000		   0.9999920130		   0.0000080022		
   82.200000		   0.9999920130		   0.0000079385		
   82.400000		   0.9999921322		   0.0000078752		
   82.600000		   0.9999921322		   0.0000078125		
   82.800000		   0.9999922514		   0.0000077502		
   83.000000		   0.9999923706		   0.0000076885		
   83.200000		   0.9999923706		   0.0000076272		
   83.400000		   0.9999924898		   0.0000075665		
   83.600000		   0.9999924898		   0.0000075062		
   83.800000		   0.9999926090		   0.0000074464		
   84.000000		   0.9999926090		   0.0000073871		
   84.200000		   0.9999927282		   0.0000073282		
   84.400000		   0.9999927282		   0.0000072698		
   84.600000		   0.9999928475		   0.0000072119		
   84.800000		   0.9999928475		   0.0000071544		
   85.000000		   0.9999928475		   0.0000070974		
   85.200000		   0.9999929667		   0.0000070409		
   85.400000		   0.9999929667		   0.0000069848		
   85.600000		   0.9999930859		   0.0000069291		
   85.800000		   0.9999930859		   0.0000068739		
   86.000000		   0.9999932051		   0.0000068192		
   86.200000		   0.9999932051		   0.0000067648		
   86.400000		   0.9999933243		   0.0000067109		
   86.600000		   0.9999933243		   0.0000066575		
   86.800000		   0.9999934435		   0.0000066044		
   87.000000		   0.9999934435		   0.0000065518		
   87.200000		   0.9999934435		   0.0000064996		
   87.400000		   0.9999935627		   0.0000064478		
   87.600000		   0.9999935627		   0.0000063965		
   87.800000		   0.9999936819		   0.0000063455		
   88.000000		   0.9999936819		   0.0000062949		
   88.200000		   0.9999938011		   0.0000062448		
   88.400000		   0.9999938011		   0.0000061950		
   88.600000		   0.9999938011		   0.0000061457		
   88.800000		   0.9999939203		   0.0000060967		
   89.000000		   0.9999939203		   0.0000060481		
   89.200000		   0.9999940395		   0.0000059999		
   89.400000		   0.9999940395		   0.0000059521		
   89.600000		   0.9999940395		   0.0000059047		
   89.800000		   0.9999941588		   0.0000058577		
   90.000000		   0.9999941588		   0.0000058110		
   90.200000		   0.9999942780		   0.0000057647		
   90.400000		   0.9999942780		   0.0000057188		
   90.600000		   0.9999942780		   0.0000056732		
   90.800000		   0.9999943972		   0.0000056280		
   91.000000		   0.9999943972		   0.0000055832		
   91.200000		   0.9999945164		   0.0000055387		
   91.400000		   0.9999945164		   0.0000054946		
   91.600000		   0.9999945164		   0.0000054508		
   91.800000		   0.9999946356		   0.0000054074		
   92.000000		   0.9999946356		   0.0000053643		
   92.200000		   0.9999946356		   0.0000053215		
   92.400000		   0.9999947548		   0.0000052791		
   92.600000		   0.9999947548		   0.0000052371		
   92.800000		   0.9999947548		   0.0000051954		
   93.000000		   0.9999948740		   0.0000051540		
   93.200000		   0.9999948740		   0.0000051129		
   93.400000		   0.9999948740		   0.0000050722		
   93.600000		   0.9999949932		   0.0000050318		
   93.800000		   0.9999949932		   0.0000049917		
   94.000000		   0.9999949932		   0.0000049519		
   94.200000		   0.9999951124		   0.0000049124		
   94.400000		   0.9999951124		   0.0000048733		
   94.600000		   0.9999951124		   0.0000048345		
   94.800000		   0.9999952316		   0.0000047960		
   95.000000		   0.9999952316		   0.0000047577		
   95.200000		   0.9999952316		   0.0000047198		
   95.400000		   0.9999953508		   0.0000046822		
   95.600000		   0.9999953508		   0.0000046449		
   95.800000		   0.9999953508		   0.0000046079		
   96.000000		   0.9999954701		   0.0000045712		
   96.200000		   0.9999954701		   0.0000045348		
   96.400000		   0.9999954701		   0.0000044987		
   96.600000		   0.9999955893		   0.0000044628		
   96.800000		   0.9999955893		   0.0000044273		
   97.000000		   0.9999955893		   0.0000043920		
   97.200000		   0.9999955893		   0.0000043570		
   97.400000		   0.9999957085		   0.0000043223		
   97.600000		   0.9999957085		   0.0000042878		
   97.800000		   0.9999957085		   0.0000042537		
   98.000000		   0.9999958277		   0.0000042198		
   98.200000		   0.9999958277		   0.0000041862		
   98.400000		   0.9999958277		   0.0000041528		
   98.600000		   0.9999958277		   0.0000041197		
   98.800000		   0.9999959469		   0.0000040869		
   99.000000		   0.9999959469		   0.0000040543		
   99.200000		   0.9999959469		   0.0000040220		
   99.400000		   0.9999960661		   0.0000039900		
   99.600000		   0.9999960661		   0.0000039582		
   99.800000		   0.9999960661		   0.0000039267		
  100.000000		   0.9999960661		   0.0000038954		
